0 0.460369 0.282244 0.022433 0.069788
0 0.506730 0.140459 0.015454 0.075972
0 0.487787 0.080389 0.014457 0.067138
0 0.443420 0.074647 0.019442 0.062721
0 0.578265 0.163428 0.016949 0.083039
0 0.739531 0.379859 0.038385 0.033569
0 0.744766 0.419170 0.038883 0.030919
0 0.800598 0.416519 0.040877 0.032686
0 0.855434 0.456272 0.036889 0.032686
0 0.804088 0.493375 0.040877 0.029152
0 0.750499 0.489399 0.039382 0.030035
0 0.729312 0.452739 0.042871 0.027385
0 0.797358 0.456714 0.034397 0.026502
0 0.576770 0.604240 0.013958 0.058304
0 0.555833 0.595406 0.017946 0.065371
0 0.458375 0.656802 0.019442 0.062721
0 0.615155 0.673145 0.013958 0.070671
0 0.600199 0.783127 0.016949 0.071555
0 0.554835 0.872792 0.015952 0.067138
0 0.531406 0.852032 0.014955 0.069788
0 0.505733 0.866608 0.014457 0.060071
0 0.504237 0.951413 0.013460 0.060071
0 0.529412 0.944788 0.016949 0.069788
0 0.574776 0.977915 0.018943 0.044170
0 0.433450 0.954064 0.018445 0.081272
0 0.282901 0.625442 0.043370 0.028269
0 0.283649 0.590106 0.038883 0.024735
0 0.275174 0.553004 0.039880 0.030035
0 0.274177 0.514576 0.038883 0.023852
0 0.271436 0.480565 0.040379 0.026502
0 0.225324 0.512367 0.029910 0.028269
0 0.224576 0.547703 0.036391 0.024735
0 0.235294 0.588781 0.041874 0.032686
0 0.225075 0.618816 0.040379 0.027385
0 0.167996 0.621466 0.044865 0.032686
0 0.164506 0.547703 0.030907 0.026502
0 0.125374 0.583039 0.040379 0.031802
0 0.115155 0.547703 0.034895 0.022968
0 0.945912 0.602915 0.022433 0.032686
